(kicad_pcb (version 20171130) (host pcbnew "(5.1.9)-1")

  (general
    (thickness 1.6)
    (drawings 8)
    (tracks 937)
    (zones 0)
    (modules 85)
    (nets 85)
  )

  (page A4)
  (layers
    (0 F.Cu signal)
    (31 B.Cu signal)
    (32 B.Adhes user)
    (33 F.Adhes user)
    (34 B.Paste user)
    (35 F.Paste user)
    (36 B.SilkS user)
    (37 F.SilkS user)
    (38 B.Mask user)
    (39 F.Mask user)
    (40 Dwgs.User user)
    (41 Cmts.User user)
    (42 Eco1.User user)
    (43 Eco2.User user)
    (44 Edge.Cuts user)
    (45 Margin user)
    (46 B.CrtYd user)
    (47 F.CrtYd user)
    (48 B.Fab user)
    (49 F.Fab user)
  )

  (setup
    (last_trace_width 0.25)
    (trace_clearance 0.2)
    (zone_clearance 0.508)
    (zone_45_only no)
    (trace_min 0.2)
    (via_size 0.8)
    (via_drill 0.4)
    (via_min_size 0.4)
    (via_min_drill 0.3)
    (uvia_size 0.3)
    (uvia_drill 0.1)
    (uvias_allowed no)
    (uvia_min_size 0.2)
    (uvia_min_drill 0.1)
    (edge_width 0.05)
    (segment_width 0.2)
    (pcb_text_width 0.3)
    (pcb_text_size 1.5 1.5)
    (mod_edge_width 0.12)
    (mod_text_size 1 1)
    (mod_text_width 0.15)
    (pad_size 1.524 1.524)
    (pad_drill 0.762)
    (pad_to_mask_clearance 0)
    (aux_axis_origin 0 0)
    (grid_origin 0 -101.68)
    (visible_elements FFFFFF7F)
    (pcbplotparams
      (layerselection 0x010fc_ffffffff)
      (usegerberextensions false)
      (usegerberattributes true)
      (usegerberadvancedattributes true)
      (creategerberjobfile true)
      (excludeedgelayer true)
      (linewidth 0.100000)
      (plotframeref false)
      (viasonmask false)
      (mode 1)
      (useauxorigin false)
      (hpglpennumber 1)
      (hpglpenspeed 20)
      (hpglpendiameter 15.000000)
      (psnegative false)
      (psa4output false)
      (plotreference true)
      (plotvalue true)
      (plotinvisibletext false)
      (padsonsilk false)
      (subtractmaskfromsilk false)
      (outputformat 1)
      (mirror false)
      (drillshape 1)
      (scaleselection 1)
      (outputdirectory ""))
  )

  (net 0 "")
  (net 1 GND)
  (net 2 "Net-(C2-Pad1)")
  (net 3 "Net-(C3-Pad1)")
  (net 4 "Net-(C4-Pad2)")
  (net 5 +1V0)
  (net 6 +5V)
  (net 7 RightB)
  (net 8 LeftB)
  (net 9 WheelA)
  (net 10 WheelB)
  (net 11 "Net-(D2-Pad2)")
  (net 12 Turbo_LED)
  (net 13 "Net-(D5-Pad1)")
  (net 14 "Net-(D5-Pad2)")
  (net 15 "Net-(D5-Pad3)")
  (net 16 "Net-(D6-Pad1)")
  (net 17 "Net-(D6-Pad2)")
  (net 18 "Net-(D6-Pad3)")
  (net 19 "Net-(D7-Pad3)")
  (net 20 "Net-(D7-Pad2)")
  (net 21 "Net-(D7-Pad1)")
  (net 22 "Net-(J2-Pad2)")
  (net 23 "Net-(J2-Pad3)")
  (net 24 "Net-(R1-Pad2)")
  (net 25 MISO)
  (net 26 "Net-(R4-Pad2)")
  (net 27 SideFront)
  (net 28 "Net-(R9-Pad1)")
  (net 29 "Net-(R10-Pad1)")
  (net 30 SideBack)
  (net 31 "Net-(R11-Pad2)")
  (net 32 "Net-(R12-Pad2)")
  (net 33 "Net-(R13-Pad1)")
  (net 34 WheelButton)
  (net 35 "Net-(R15-Pad1)")
  (net 36 Turbo)
  (net 37 MOSI)
  (net 38 MOTION)
  (net 39 NCS)
  (net 40 D-)
  (net 41 D+)
  (net 42 "Net-(U1-Pad2)")
  (net 43 "Net-(U1-Pad3)")
  (net 44 "Net-(U1-Pad4)")
  (net 45 NRESET)
  (net 46 "Net-(U1-Pad9)")
  (net 47 "Net-(U1-Pad27)")
  (net 48 "Net-(U1-Pad28)")
  (net 49 SCK)
  (net 50 "Net-(U1-Pad34)")
  (net 51 "Net-(U1-Pad37)")
  (net 52 "Net-(U1-Pad38)")
  (net 53 "Net-(U1-Pad39)")
  (net 54 "Net-(U1-Pad40)")
  (net 55 "Net-(U1-Pad41)")
  (net 56 "Net-(U1-Pad42)")
  (net 57 "Net-(U1-Pad43)")
  (net 58 "Net-(U1-Pad50)")
  (net 59 "Net-(U1-Pad51)")
  (net 60 "Net-(U1-Pad52)")
  (net 61 "Net-(U1-Pad53)")
  (net 62 "Net-(U1-Pad54)")
  (net 63 "Net-(U1-Pad56)")
  (net 64 "Net-(U1-Pad57)")
  (net 65 "Net-(U1-Pad58)")
  (net 66 "Net-(U1-Pad59)")
  (net 67 "Net-(U1-Pad61)")
  (net 68 "Net-(U1-Pad62)")
  (net 69 "Net-(U2-Pad1)")
  (net 70 "Net-(U2-Pad2)")
  (net 71 "Net-(U2-Pad6)")
  (net 72 "Net-(U2-Pad14)")
  (net 73 "Net-(U2-Pad16)")
  (net 74 NRST)
  (net 75 VDDPIX)
  (net 76 B_LED)
  (net 77 G_LED)
  (net 78 R_LED)
  (net 79 SWO)
  (net 80 SWDIO)
  (net 81 SWCLK)
  (net 82 LED_1)
  (net 83 BOOT0)
  (net 84 VDDIO_3.3V)

  (net_class Default "This is the default net class."
    (clearance 0.2)
    (trace_width 0.25)
    (via_dia 0.8)
    (via_drill 0.4)
    (uvia_dia 0.3)
    (uvia_drill 0.1)
    (add_net +5V)
    (add_net BOOT0)
    (add_net B_LED)
    (add_net D+)
    (add_net GND)
    (add_net G_LED)
    (add_net LED_1)
    (add_net LeftB)
    (add_net MISO)
    (add_net MOSI)
    (add_net MOTION)
    (add_net NCS)
    (add_net NRESET)
    (add_net NRST)
    (add_net "Net-(C2-Pad1)")
    (add_net "Net-(C3-Pad1)")
    (add_net "Net-(C4-Pad2)")
    (add_net "Net-(D2-Pad2)")
    (add_net "Net-(D5-Pad1)")
    (add_net "Net-(D5-Pad2)")
    (add_net "Net-(D5-Pad3)")
    (add_net "Net-(D6-Pad1)")
    (add_net "Net-(D6-Pad2)")
    (add_net "Net-(D6-Pad3)")
    (add_net "Net-(D7-Pad1)")
    (add_net "Net-(D7-Pad2)")
    (add_net "Net-(D7-Pad3)")
    (add_net "Net-(J2-Pad2)")
    (add_net "Net-(J2-Pad3)")
    (add_net "Net-(R1-Pad2)")
    (add_net "Net-(R10-Pad1)")
    (add_net "Net-(R11-Pad2)")
    (add_net "Net-(R12-Pad2)")
    (add_net "Net-(R13-Pad1)")
    (add_net "Net-(R15-Pad1)")
    (add_net "Net-(R4-Pad2)")
    (add_net "Net-(R9-Pad1)")
    (add_net "Net-(U1-Pad2)")
    (add_net "Net-(U1-Pad27)")
    (add_net "Net-(U1-Pad28)")
    (add_net "Net-(U1-Pad3)")
    (add_net "Net-(U1-Pad34)")
    (add_net "Net-(U1-Pad37)")
    (add_net "Net-(U1-Pad38)")
    (add_net "Net-(U1-Pad39)")
    (add_net "Net-(U1-Pad4)")
    (add_net "Net-(U1-Pad40)")
    (add_net "Net-(U1-Pad41)")
    (add_net "Net-(U1-Pad42)")
    (add_net "Net-(U1-Pad43)")
    (add_net "Net-(U1-Pad50)")
    (add_net "Net-(U1-Pad51)")
    (add_net "Net-(U1-Pad52)")
    (add_net "Net-(U1-Pad53)")
    (add_net "Net-(U1-Pad54)")
    (add_net "Net-(U1-Pad56)")
    (add_net "Net-(U1-Pad57)")
    (add_net "Net-(U1-Pad58)")
    (add_net "Net-(U1-Pad59)")
    (add_net "Net-(U1-Pad61)")
    (add_net "Net-(U1-Pad62)")
    (add_net "Net-(U1-Pad9)")
    (add_net "Net-(U2-Pad1)")
    (add_net "Net-(U2-Pad14)")
    (add_net "Net-(U2-Pad16)")
    (add_net "Net-(U2-Pad2)")
    (add_net "Net-(U2-Pad6)")
    (add_net R_LED)
    (add_net RightB)
    (add_net SCK)
    (add_net SWCLK)
    (add_net SWDIO)
    (add_net SWO)
    (add_net SideBack)
    (add_net SideFront)
    (add_net Turbo)
    (add_net Turbo_LED)
    (add_net VDDPIX)
    (add_net WheelA)
    (add_net WheelB)
    (add_net WheelButton)
  )

  (net_class Power ""
    (clearance 0.2)
    (trace_width 0.5)
    (via_dia 0.8)
    (via_drill 0.4)
    (uvia_dia 0.3)
    (uvia_drill 0.1)
    (add_net +1V0)
    (add_net VDDIO_3.3V)
  )

  (net_class smal ""
    (clearance 0.2)
    (trace_width 0.2)
    (via_dia 0.8)
    (via_drill 0.4)
    (uvia_dia 0.3)
    (uvia_drill 0.1)
    (add_net D-)
  )

  (module Capacitor_SMD:C_0805_2012Metric_Pad1.18x1.45mm_HandSolder (layer F.Cu) (tedit 5F68FEEF) (tstamp 6026339A)
    (at 162.9625 116.32)
    (descr "Capacitor SMD 0805 (2012 Metric), square (rectangular) end terminal, IPC_7351 nominal with elongated pad for handsoldering. (Body size source: IPC-SM-782 page 76, https://www.pcb-3d.com/wordpress/wp-content/uploads/ipc-sm-782a_amendment_1_and_2.pdf, https://docs.google.com/spreadsheets/d/1BsfQQcO9C6DZCsRaXUlFlo91Tg2WpOkGARC1WS5S8t0/edit?usp=sharing), generated with kicad-footprint-generator")
    (tags "capacitor handsolder")
    (path /6022F0F9/60301014)
    (attr smd)
    (fp_text reference C1 (at 0 -1.68) (layer F.SilkS)
      (effects (font (size 1 1) (thickness 0.15)))
    )
    (fp_text value 100nF (at 0 1.68) (layer F.Fab)
      (effects (font (size 1 1) (thickness 0.15)))
    )
    (fp_line (start 1.88 0.98) (end -1.88 0.98) (layer F.CrtYd) (width 0.05))
    (fp_line (start 1.88 -0.98) (end 1.88 0.98) (layer F.CrtYd) (width 0.05))
    (fp_line (start -1.88 -0.98) (end 1.88 -0.98) (layer F.CrtYd) (width 0.05))
    (fp_line (start -1.88 0.98) (end -1.88 -0.98) (layer F.CrtYd) (width 0.05))
    (fp_line (start -0.261252 0.735) (end 0.261252 0.735) (layer F.SilkS) (width 0.12))
    (fp_line (start -0.261252 -0.735) (end 0.261252 -0.735) (layer F.SilkS) (width 0.12))
    (fp_line (start 1 0.625) (end -1 0.625) (layer F.Fab) (width 0.1))
    (fp_line (start 1 -0.625) (end 1 0.625) (layer F.Fab) (width 0.1))
    (fp_line (start -1 -0.625) (end 1 -0.625) (layer F.Fab) (width 0.1))
    (fp_line (start -1 0.625) (end -1 -0.625) (layer F.Fab) (width 0.1))
    (fp_text user %R (at 0 0) (layer F.Fab)
      (effects (font (size 0.5 0.5) (thickness 0.08)))
    )
    (pad 1 smd roundrect (at -1.0375 0) (size 1.175 1.45) (layers F.Cu F.Paste F.Mask) (roundrect_rratio 0.212766)
      (net 74 NRST))
    (pad 2 smd roundrect (at 1.0375 0) (size 1.175 1.45) (layers F.Cu F.Paste F.Mask) (roundrect_rratio 0.212766)
      (net 1 GND))
    (model ${KISYS3DMOD}/Capacitor_SMD.3dshapes/C_0805_2012Metric.wrl
      (at (xyz 0 0 0))
      (scale (xyz 1 1 1))
      (rotate (xyz 0 0 0))
    )
  )

  (module Capacitor_SMD:C_0805_2012Metric_Pad1.18x1.45mm_HandSolder (layer F.Cu) (tedit 5F68FEEF) (tstamp 602633AB)
    (at 151 106.3575 90)
    (descr "Capacitor SMD 0805 (2012 Metric), square (rectangular) end terminal, IPC_7351 nominal with elongated pad for handsoldering. (Body size source: IPC-SM-782 page 76, https://www.pcb-3d.com/wordpress/wp-content/uploads/ipc-sm-782a_amendment_1_and_2.pdf, https://docs.google.com/spreadsheets/d/1BsfQQcO9C6DZCsRaXUlFlo91Tg2WpOkGARC1WS5S8t0/edit?usp=sharing), generated with kicad-footprint-generator")
    (tags "capacitor handsolder")
    (path /6022F0F9/602BBD1B)
    (attr smd)
    (fp_text reference C2 (at 0 -1.68 90) (layer F.SilkS)
      (effects (font (size 1 1) (thickness 0.15)))
    )
    (fp_text value 22uF (at 0 1.68 90) (layer F.Fab)
      (effects (font (size 1 1) (thickness 0.15)))
    )
    (fp_line (start 1.88 0.98) (end -1.88 0.98) (layer F.CrtYd) (width 0.05))
    (fp_line (start 1.88 -0.98) (end 1.88 0.98) (layer F.CrtYd) (width 0.05))
    (fp_line (start -1.88 -0.98) (end 1.88 -0.98) (layer F.CrtYd) (width 0.05))
    (fp_line (start -1.88 0.98) (end -1.88 -0.98) (layer F.CrtYd) (width 0.05))
    (fp_line (start -0.261252 0.735) (end 0.261252 0.735) (layer F.SilkS) (width 0.12))
    (fp_line (start -0.261252 -0.735) (end 0.261252 -0.735) (layer F.SilkS) (width 0.12))
    (fp_line (start 1 0.625) (end -1 0.625) (layer F.Fab) (width 0.1))
    (fp_line (start 1 -0.625) (end 1 0.625) (layer F.Fab) (width 0.1))
    (fp_line (start -1 -0.625) (end 1 -0.625) (layer F.Fab) (width 0.1))
    (fp_line (start -1 0.625) (end -1 -0.625) (layer F.Fab) (width 0.1))
    (fp_text user %R (at 0 0 90) (layer F.Fab)
      (effects (font (size 0.5 0.5) (thickness 0.08)))
    )
    (pad 1 smd roundrect (at -1.0375 0 90) (size 1.175 1.45) (layers F.Cu F.Paste F.Mask) (roundrect_rratio 0.212766)
      (net 2 "Net-(C2-Pad1)"))
    (pad 2 smd roundrect (at 1.0375 0 90) (size 1.175 1.45) (layers F.Cu F.Paste F.Mask) (roundrect_rratio 0.212766)
      (net 1 GND))
    (model ${KISYS3DMOD}/Capacitor_SMD.3dshapes/C_0805_2012Metric.wrl
      (at (xyz 0 0 0))
      (scale (xyz 1 1 1))
      (rotate (xyz 0 0 0))
    )
  )

  (module Capacitor_SMD:C_0805_2012Metric_Pad1.18x1.45mm_HandSolder (layer F.Cu) (tedit 5F68FEEF) (tstamp 602633BC)
    (at 149 106.3575 90)
    (descr "Capacitor SMD 0805 (2012 Metric), square (rectangular) end terminal, IPC_7351 nominal with elongated pad for handsoldering. (Body size source: IPC-SM-782 page 76, https://www.pcb-3d.com/wordpress/wp-content/uploads/ipc-sm-782a_amendment_1_and_2.pdf, https://docs.google.com/spreadsheets/d/1BsfQQcO9C6DZCsRaXUlFlo91Tg2WpOkGARC1WS5S8t0/edit?usp=sharing), generated with kicad-footprint-generator")
    (tags "capacitor handsolder")
    (path /6022F0F9/602BEADA)
    (attr smd)
    (fp_text reference C3 (at 0 -1.68 90) (layer F.SilkS)
      (effects (font (size 1 1) (thickness 0.15)))
    )
    (fp_text value 22uF (at 0 1.68 90) (layer F.Fab)
      (effects (font (size 1 1) (thickness 0.15)))
    )
    (fp_text user %R (at 0 0 90) (layer F.Fab)
      (effects (font (size 0.5 0.5) (thickness 0.08)))
    )
    (fp_line (start -1 0.625) (end -1 -0.625) (layer F.Fab) (width 0.1))
    (fp_line (start -1 -0.625) (end 1 -0.625) (layer F.Fab) (width 0.1))
    (fp_line (start 1 -0.625) (end 1 0.625) (layer F.Fab) (width 0.1))
    (fp_line (start 1 0.625) (end -1 0.625) (layer F.Fab) (width 0.1))
    (fp_line (start -0.261252 -0.735) (end 0.261252 -0.735) (layer F.SilkS) (width 0.12))
    (fp_line (start -0.261252 0.735) (end 0.261252 0.735) (layer F.SilkS) (width 0.12))
    (fp_line (start -1.88 0.98) (end -1.88 -0.98) (layer F.CrtYd) (width 0.05))
    (fp_line (start -1.88 -0.98) (end 1.88 -0.98) (layer F.CrtYd) (width 0.05))
    (fp_line (start 1.88 -0.98) (end 1.88 0.98) (layer F.CrtYd) (width 0.05))
    (fp_line (start 1.88 0.98) (end -1.88 0.98) (layer F.CrtYd) (width 0.05))
    (pad 2 smd roundrect (at 1.0375 0 90) (size 1.175 1.45) (layers F.Cu F.Paste F.Mask) (roundrect_rratio 0.212766)
      (net 1 GND))
    (pad 1 smd roundrect (at -1.0375 0 90) (size 1.175 1.45) (layers F.Cu F.Paste F.Mask) (roundrect_rratio 0.212766)
      (net 3 "Net-(C3-Pad1)"))
    (model ${KISYS3DMOD}/Capacitor_SMD.3dshapes/C_0805_2012Metric.wrl
      (at (xyz 0 0 0))
      (scale (xyz 1 1 1))
      (rotate (xyz 0 0 0))
    )
  )

  (module Capacitor_SMD:C_0805_2012Metric_Pad1.18x1.45mm_HandSolder (layer F.Cu) (tedit 5F68FEEF) (tstamp 602633CD)
    (at 138.9625 124.32)
    (descr "Capacitor SMD 0805 (2012 Metric), square (rectangular) end terminal, IPC_7351 nominal with elongated pad for handsoldering. (Body size source: IPC-SM-782 page 76, https://www.pcb-3d.com/wordpress/wp-content/uploads/ipc-sm-782a_amendment_1_and_2.pdf, https://docs.google.com/spreadsheets/d/1BsfQQcO9C6DZCsRaXUlFlo91Tg2WpOkGARC1WS5S8t0/edit?usp=sharing), generated with kicad-footprint-generator")
    (tags "capacitor handsolder")
    (path /6022F0F9/60249792)
    (attr smd)
    (fp_text reference C4 (at 0 -1.68) (layer F.SilkS)
      (effects (font (size 1 1) (thickness 0.15)))
    )
    (fp_text value 4.7uF (at 0 1.68) (layer F.Fab)
      (effects (font (size 1 1) (thickness 0.15)))
    )
    (fp_text user %R (at 0 0) (layer F.Fab)
      (effects (font (size 0.5 0.5) (thickness 0.08)))
    )
    (fp_line (start -1 0.625) (end -1 -0.625) (layer F.Fab) (width 0.1))
    (fp_line (start -1 -0.625) (end 1 -0.625) (layer F.Fab) (width 0.1))
    (fp_line (start 1 -0.625) (end 1 0.625) (layer F.Fab) (width 0.1))
    (fp_line (start 1 0.625) (end -1 0.625) (layer F.Fab) (width 0.1))
    (fp_line (start -0.261252 -0.735) (end 0.261252 -0.735) (layer F.SilkS) (width 0.12))
    (fp_line (start -0.261252 0.735) (end 0.261252 0.735) (layer F.SilkS) (width 0.12))
    (fp_line (start -1.88 0.98) (end -1.88 -0.98) (layer F.CrtYd) (width 0.05))
    (fp_line (start -1.88 -0.98) (end 1.88 -0.98) (layer F.CrtYd) (width 0.05))
    (fp_line (start 1.88 -0.98) (end 1.88 0.98) (layer F.CrtYd) (width 0.05))
    (fp_line (start 1.88 0.98) (end -1.88 0.98) (layer F.CrtYd) (width 0.05))
    (pad 2 smd roundrect (at 1.0375 0) (size 1.175 1.45) (layers F.Cu F.Paste F.Mask) (roundrect_rratio 0.212766)
      (net 4 "Net-(C4-Pad2)"))
    (pad 1 smd roundrect (at -1.0375 0) (size 1.175 1.45) (layers F.Cu F.Paste F.Mask) (roundrect_rratio 0.212766)
      (net 1 GND))
    (model ${KISYS3DMOD}/Capacitor_SMD.3dshapes/C_0805_2012Metric.wrl
      (at (xyz 0 0 0))
      (scale (xyz 1 1 1))
      (rotate (xyz 0 0 0))
    )
  )

  (module Capacitor_SMD:C_0805_2012Metric_Pad1.18x1.45mm_HandSolder (layer F.Cu) (tedit 5F68FEEF) (tstamp 602633DE)
    (at 159.0375 118.32)
    (descr "Capacitor SMD 0805 (2012 Metric), square (rectangular) end terminal, IPC_7351 nominal with elongated pad for handsoldering. (Body size source: IPC-SM-782 page 76, https://www.pcb-3d.com/wordpress/wp-content/uploads/ipc-sm-782a_amendment_1_and_2.pdf, https://docs.google.com/spreadsheets/d/1BsfQQcO9C6DZCsRaXUlFlo91Tg2WpOkGARC1WS5S8t0/edit?usp=sharing), generated with kicad-footprint-generator")
    (tags "capacitor handsolder")
    (path /6022F0F9/60249714)
    (attr smd)
    (fp_text reference C5 (at 0 -1.68) (layer F.SilkS)
      (effects (font (size 1 1) (thickness 0.15)))
    )
    (fp_text value 4.7uF (at 0 1.68) (layer F.Fab)
      (effects (font (size 1 1) (thickness 0.15)))
    )
    (fp_line (start 1.88 0.98) (end -1.88 0.98) (layer F.CrtYd) (width 0.05))
    (fp_line (start 1.88 -0.98) (end 1.88 0.98) (layer F.CrtYd) (width 0.05))
    (fp_line (start -1.88 -0.98) (end 1.88 -0.98) (layer F.CrtYd) (width 0.05))
    (fp_line (start -1.88 0.98) (end -1.88 -0.98) (layer F.CrtYd) (width 0.05))
    (fp_line (start -0.261252 0.735) (end 0.261252 0.735) (layer F.SilkS) (width 0.12))
    (fp_line (start -0.261252 -0.735) (end 0.261252 -0.735) (layer F.SilkS) (width 0.12))
    (fp_line (start 1 0.625) (end -1 0.625) (layer F.Fab) (width 0.1))
    (fp_line (start 1 -0.625) (end 1 0.625) (layer F.Fab) (width 0.1))
    (fp_line (start -1 -0.625) (end 1 -0.625) (layer F.Fab) (width 0.1))
    (fp_line (start -1 0.625) (end -1 -0.625) (layer F.Fab) (width 0.1))
    (fp_text user %R (at 0 0) (layer F.Fab)
      (effects (font (size 0.5 0.5) (thickness 0.08)))
    )
    (pad 1 smd roundrect (at -1.0375 0) (size 1.175 1.45) (layers F.Cu F.Paste F.Mask) (roundrect_rratio 0.212766)
      (net 84 VDDIO_3.3V))
    (pad 2 smd roundrect (at 1.0375 0) (size 1.175 1.45) (layers F.Cu F.Paste F.Mask) (roundrect_rratio 0.212766)
      (net 1 GND))
    (model ${KISYS3DMOD}/Capacitor_SMD.3dshapes/C_0805_2012Metric.wrl
      (at (xyz 0 0 0))
      (scale (xyz 1 1 1))
      (rotate (xyz 0 0 0))
    )
  )

  (module Capacitor_SMD:C_0805_2012Metric_Pad1.18x1.45mm_HandSolder (layer F.Cu) (tedit 5F68FEEF) (tstamp 602633EF)
    (at 138.9625 129.32)
    (descr "Capacitor SMD 0805 (2012 Metric), square (rectangular) end terminal, IPC_7351 nominal with elongated pad for handsoldering. (Body size source: IPC-SM-782 page 76, https://www.pcb-3d.com/wordpress/wp-content/uploads/ipc-sm-782a_amendment_1_and_2.pdf, https://docs.google.com/spreadsheets/d/1BsfQQcO9C6DZCsRaXUlFlo91Tg2WpOkGARC1WS5S8t0/edit?usp=sharing), generated with kicad-footprint-generator")
    (tags "capacitor handsolder")
    (path /6022F0F9/60249738)
    (attr smd)
    (fp_text reference C6 (at 0 -1.68) (layer F.SilkS)
      (effects (font (size 1 1) (thickness 0.15)))
    )
    (fp_text value 100nF (at 0 1.68) (layer F.Fab)
      (effects (font (size 1 1) (thickness 0.15)))
    )
    (fp_text user %R (at 0 0) (layer F.Fab)
      (effects (font (size 0.5 0.5) (thickness 0.08)))
    )
    (fp_line (start -1 0.625) (end -1 -0.625) (layer F.Fab) (width 0.1))
    (fp_line (start -1 -0.625) (end 1 -0.625) (layer F.Fab) (width 0.1))
    (fp_line (start 1 -0.625) (end 1 0.625) (layer F.Fab) (width 0.1))
    (fp_line (start 1 0.625) (end -1 0.625) (layer F.Fab) (width 0.1))
    (fp_line (start -0.261252 -0.735) (end 0.261252 -0.735) (layer F.SilkS) (width 0.12))
    (fp_line (start -0.261252 0.735) (end 0.261252 0.735) (layer F.SilkS) (width 0.12))
    (fp_line (start -1.88 0.98) (end -1.88 -0.98) (layer F.CrtYd) (width 0.05))
    (fp_line (start -1.88 -0.98) (end 1.88 -0.98) (layer F.CrtYd) (width 0.05))
    (fp_line (start 1.88 -0.98) (end 1.88 0.98) (layer F.CrtYd) (width 0.05))
    (fp_line (start 1.88 0.98) (end -1.88 0.98) (layer F.CrtYd) (width 0.05))
    (pad 2 smd roundrect (at 1.0375 0) (size 1.175 1.45) (layers F.Cu F.Paste F.Mask) (roundrect_rratio 0.212766)
      (net 84 VDDIO_3.3V))
    (pad 1 smd roundrect (at -1.0375 0) (size 1.175 1.45) (layers F.Cu F.Paste F.Mask) (roundrect_rratio 0.212766)
      (net 1 GND))
    (model ${KISYS3DMOD}/Capacitor_SMD.3dshapes/C_0805_2012Metric.wrl
      (at (xyz 0 0 0))
      (scale (xyz 1 1 1))
      (rotate (xyz 0 0 0))
    )
  )

  (module Capacitor_SMD:C_0805_2012Metric_Pad1.18x1.45mm_HandSolder (layer F.Cu) (tedit 5F68FEEF) (tstamp 60263400)
    (at 135.9625 113.32)
    (descr "Capacitor SMD 0805 (2012 Metric), square (rectangular) end terminal, IPC_7351 nominal with elongated pad for handsoldering. (Body size source: IPC-SM-782 page 76, https://www.pcb-3d.com/wordpress/wp-content/uploads/ipc-sm-782a_amendment_1_and_2.pdf, https://docs.google.com/spreadsheets/d/1BsfQQcO9C6DZCsRaXUlFlo91Tg2WpOkGARC1WS5S8t0/edit?usp=sharing), generated with kicad-footprint-generator")
    (tags "capacitor handsolder")
    (path /6022F0F9/60249732)
    (attr smd)
    (fp_text reference C7 (at 0 -1.68) (layer F.SilkS)
      (effects (font (size 1 1) (thickness 0.15)))
    )
    (fp_text value 100nF (at 0 1.68) (layer F.Fab)
      (effects (font (size 1 1) (thickness 0.15)))
    )
    (fp_line (start 1.88 0.98) (end -1.88 0.98) (layer F.CrtYd) (width 0.05))
    (fp_line (start 1.88 -0.98) (end 1.88 0.98) (layer F.CrtYd) (width 0.05))
    (fp_line (start -1.88 -0.98) (end 1.88 -0.98) (layer F.CrtYd) (width 0.05))
    (fp_line (start -1.88 0.98) (end -1.88 -0.98) (layer F.CrtYd) (width 0.05))
    (fp_line (start -0.261252 0.735) (end 0.261252 0.735) (layer F.SilkS) (width 0.12))
    (fp_line (start -0.261252 -0.735) (end 0.261252 -0.735) (layer F.SilkS) (width 0.12))
    (fp_line (start 1 0.625) (end -1 0.625) (layer F.Fab) (width 0.1))
    (fp_line (start 1 -0.625) (end 1 0.625) (layer F.Fab) (width 0.1))
    (fp_line (start -1 -0.625) (end 1 -0.625) (layer F.Fab) (width 0.1))
    (fp_line (start -1 0.625) (end -1 -0.625) (layer F.Fab) (width 0.1))
    (fp_text user %R (at 0 0) (layer F.Fab)
      (effects (font (size 0.5 0.5) (thickness 0.08)))
    )
    (pad 1 smd roundrect (at -1.0375 0) (size 1.175 1.45) (layers F.Cu F.Paste F.Mask) (roundrect_rratio 0.212766)
      (net 1 GND))
    (pad 2 smd roundrect (at 1.0375 0) (size 1.175 1.45) (layers F.Cu F.Paste F.Mask) (roundrect_rratio 0.212766)
      (net 84 VDDIO_3.3V))
    (model ${KISYS3DMOD}/Capacitor_SMD.3dshapes/C_0805_2012Metric.wrl
      (at (xyz 0 0 0))
      (scale (xyz 1 1 1))
      (rotate (xyz 0 0 0))
    )
  )

  (module Capacitor_SMD:C_0805_2012Metric_Pad1.18x1.45mm_HandSolder (layer F.Cu) (tedit 5F68FEEF) (tstamp 60263411)
    (at 155 131.2825 90)
    (descr "Capacitor SMD 0805 (2012 Metric), square (rectangular) end terminal, IPC_7351 nominal with elongated pad for handsoldering. (Body size source: IPC-SM-782 page 76, https://www.pcb-3d.com/wordpress/wp-content/uploads/ipc-sm-782a_amendment_1_and_2.pdf, https://docs.google.com/spreadsheets/d/1BsfQQcO9C6DZCsRaXUlFlo91Tg2WpOkGARC1WS5S8t0/edit?usp=sharing), generated with kicad-footprint-generator")
    (tags "capacitor handsolder")
    (path /6022F0F9/60249763)
    (attr smd)
    (fp_text reference C8 (at 0 -1.68 90) (layer F.SilkS)
      (effects (font (size 1 1) (thickness 0.15)))
    )
    (fp_text value 100nF (at 0 1.68 90) (layer F.Fab)
      (effects (font (size 1 1) (thickness 0.15)))
    )
    (fp_line (start 1.88 0.98) (end -1.88 0.98) (layer F.CrtYd) (width 0.05))
    (fp_line (start 1.88 -0.98) (end 1.88 0.98) (layer F.CrtYd) (width 0.05))
    (fp_line (start -1.88 -0.98) (end 1.88 -0.98) (layer F.CrtYd) (width 0.05))
    (fp_line (start -1.88 0.98) (end -1.88 -0.98) (layer F.CrtYd) (width 0.05))
    (fp_line (start -0.261252 0.735) (end 0.261252 0.735) (layer F.SilkS) (width 0.12))
    (fp_line (start -0.261252 -0.735) (end 0.261252 -0.735) (layer F.SilkS) (width 0.12))
    (fp_line (start 1 0.625) (end -1 0.625) (layer F.Fab) (width 0.1))
    (fp_line (start 1 -0.625) (end 1 0.625) (layer F.Fab) (width 0.1))
    (fp_line (start -1 -0.625) (end 1 -0.625) (layer F.Fab) (width 0.1))
    (fp_line (start -1 0.625) (end -1 -0.625) (layer F.Fab) (width 0.1))
    (fp_text user %R (at 0 0 90) (layer F.Fab)
      (effects (font (size 0.5 0.5) (thickness 0.08)))
    )
    (pad 1 smd roundrect (at -1.0375 0 90) (size 1.175 1.45) (layers F.Cu F.Paste F.Mask) (roundrect_rratio 0.212766)
      (net 1 GND))
    (pad 2 smd roundrect (at 1.0375 0 90) (size 1.175 1.45) (layers F.Cu F.Paste F.Mask) (roundrect_rratio 0.212766)
      (net 84 VDDIO_3.3V))
    (model ${KISYS3DMOD}/Capacitor_SMD.3dshapes/C_0805_2012Metric.wrl
      (at (xyz 0 0 0))
      (scale (xyz 1 1 1))
      (rotate (xyz 0 0 0))
    )
  )

  (module Capacitor_SMD:C_0805_2012Metric_Pad1.18x1.45mm_HandSolder (layer F.Cu) (tedit 5F68FEEF) (tstamp 60263422)
    (at 153 131.32 90)
    (descr "Capacitor SMD 0805 (2012 Metric), square (rectangular) end terminal, IPC_7351 nominal with elongated pad for handsoldering. (Body size source: IPC-SM-782 page 76, https://www.pcb-3d.com/wordpress/wp-content/uploads/ipc-sm-782a_amendment_1_and_2.pdf, https://docs.google.com/spreadsheets/d/1BsfQQcO9C6DZCsRaXUlFlo91Tg2WpOkGARC1WS5S8t0/edit?usp=sharing), generated with kicad-footprint-generator")
    (tags "capacitor handsolder")
    (path /6022F0F9/6024975D)
    (attr smd)
    (fp_text reference C9 (at 0 -1.68 90) (layer F.SilkS)
      (effects (font (size 1 1) (thickness 0.15)))
    )
    (fp_text value 1uF (at 0 1.68 90) (layer F.Fab)
      (effects (font (size 1 1) (thickness 0.15)))
    )
    (fp_text user %R (at 0 0 90) (layer F.Fab)
      (effects (font (size 0.5 0.5) (thickness 0.08)))
    )
    (fp_line (start -1 0.625) (end -1 -0.625) (layer F.Fab) (width 0.1))
    (fp_line (start -1 -0.625) (end 1 -0.625) (layer F.Fab) (width 0.1))
    (fp_line (start 1 -0.625) (end 1 0.625) (layer F.Fab) (width 0.1))
    (fp_line (start 1 0.625) (end -1 0.625) (layer F.Fab) (width 0.1))
    (fp_line (start -0.261252 -0.735) (end 0.261252 -0.735) (layer F.SilkS) (width 0.12))
    (fp_line (start -0.261252 0.735) (end 0.261252 0.735) (layer F.SilkS) (width 0.12))
    (fp_line (start -1.88 0.98) (end -1.88 -0.98) (layer F.CrtYd) (width 0.05))
    (fp_line (start -1.88 -0.98) (end 1.88 -0.98) (layer F.CrtYd) (width 0.05))
    (fp_line (start 1.88 -0.98) (end 1.88 0.98) (layer F.CrtYd) (width 0.05))
    (fp_line (start 1.88 0.98) (end -1.88 0.98) (layer F.CrtYd) (width 0.05))
    (pad 2 smd roundrect (at 1.0375 0 90) (size 1.175 1.45) (layers F.Cu F.Paste F.Mask) (roundrect_rratio 0.212766)
      (net 84 VDDIO_3.3V))
    (pad 1 smd roundrect (at -1.0375 0 90) (size 1.175 1.45) (layers F.Cu F.Paste F.Mask) (roundrect_rratio 0.212766)
      (net 1 GND))
    (model ${KISYS3DMOD}/Capacitor_SMD.3dshapes/C_0805_2012Metric.wrl
      (at (xyz 0 0 0))
      (scale (xyz 1 1 1))
      (rotate (xyz 0 0 0))
    )
  )

  (module Capacitor_SMD:C_0805_2012Metric_Pad1.18x1.45mm_HandSolder (layer F.Cu) (tedit 5F68FEEF) (tstamp 60263433)
    (at 135.9625 116.32)
    (descr "Capacitor SMD 0805 (2012 Metric), square (rectangular) end terminal, IPC_7351 nominal with elongated pad for handsoldering. (Body size source: IPC-SM-782 page 76, https://www.pcb-3d.com/wordpress/wp-content/uploads/ipc-sm-782a_amendment_1_and_2.pdf, https://docs.google.com/spreadsheets/d/1BsfQQcO9C6DZCsRaXUlFlo91Tg2WpOkGARC1WS5S8t0/edit?usp=sharing), generated with kicad-footprint-generator")
    (tags "capacitor handsolder")
    (path /6022F0F9/6024972C)
    (attr smd)
    (fp_text reference C10 (at 0 -1.68) (layer F.SilkS)
      (effects (font (size 1 1) (thickness 0.15)))
    )
    (fp_text value 100nF (at 0 1.68) (layer F.Fab)
      (effects (font (size 1 1) (thickness 0.15)))
    )
    (fp_text user %R (at 0 0) (layer F.Fab)
      (effects (font (size 0.5 0.5) (thickness 0.08)))
    )
    (fp_line (start -1 0.625) (end -1 -0.625) (layer F.Fab) (width 0.1))
    (fp_line (start -1 -0.625) (end 1 -0.625) (layer F.Fab) (width 0.1))
    (fp_line (start 1 -0.625) (end 1 0.625) (layer F.Fab) (width 0.1))
    (fp_line (start 1 0.625) (end -1 0.625) (layer F.Fab) (width 0.1))
    (fp_line (start -0.261252 -0.735) (end 0.261252 -0.735) (layer F.SilkS) (width 0.12))
    (fp_line (start -0.261252 0.735) (end 0.261252 0.735) (layer F.SilkS) (width 0.12))
    (fp_line (start -1.88 0.98) (end -1.88 -0.98) (layer F.CrtYd) (width 0.05))
    (fp_line (start -1.88 -0.98) (end 1.88 -0.98) (layer F.CrtYd) (width 0.05))
    (fp_line (start 1.88 -0.98) (end 1.88 0.98) (layer F.CrtYd) (width 0.05))
    (fp_line (start 1.88 0.98) (end -1.88 0.98) (layer F.CrtYd) (width 0.05))
    (pad 2 smd roundrect (at 1.0375 0) (size 1.175 1.45) (layers F.Cu F.Paste F.Mask) (roundrect_rratio 0.212766)
      (net 84 VDDIO_3.3V))
    (pad 1 smd roundrect (at -1.0375 0) (size 1.175 1.45) (layers F.Cu F.Paste F.Mask) (roundrect_rratio 0.212766)
      (net 1 GND))
    (model ${KISYS3DMOD}/Capacitor_SMD.3dshapes/C_0805_2012Metric.wrl
      (at (xyz 0 0 0))
      (scale (xyz 1 1 1))
      (rotate (xyz 0 0 0))
    )
  )

  (module Capacitor_SMD:C_0805_2012Metric_Pad1.18x1.45mm_HandSolder (layer F.Cu) (tedit 5F68FEEF) (tstamp 60263444)
    (at 159.0375 116.32)
    (descr "Capacitor SMD 0805 (2012 Metric), square (rectangular) end terminal, IPC_7351 nominal with elongated pad for handsoldering. (Body size source: IPC-SM-782 page 76, https://www.pcb-3d.com/wordpress/wp-content/uploads/ipc-sm-782a_amendment_1_and_2.pdf, https://docs.google.com/spreadsheets/d/1BsfQQcO9C6DZCsRaXUlFlo91Tg2WpOkGARC1WS5S8t0/edit?usp=sharing), generated with kicad-footprint-generator")
    (tags "capacitor handsolder")
    (path /6022F0F9/60249726)
    (attr smd)
    (fp_text reference C11 (at 0 -1.68) (layer F.SilkS)
      (effects (font (size 1 1) (thickness 0.15)))
    )
    (fp_text value 100nF (at 0 1.68) (layer F.Fab)
      (effects (font (size 1 1) (thickness 0.15)))
    )
    (fp_line (start 1.88 0.98) (end -1.88 0.98) (layer F.CrtYd) (width 0.05))
    (fp_line (start 1.88 -0.98) (end 1.88 0.98) (layer F.CrtYd) (width 0.05))
    (fp_line (start -1.88 -0.98) (end 1.88 -0.98) (layer F.CrtYd) (width 0.05))
    (fp_line (start -1.88 0.98) (end -1.88 -0.98) (layer F.CrtYd) (width 0.05))
    (fp_line (start -0.261252 0.735) (end 0.261252 0.735) (layer F.SilkS) (width 0.12))
    (fp_line (start -0.261252 -0.735) (end 0.261252 -0.735) (layer F.SilkS) (width 0.12))
    (fp_line (start 1 0.625) (end -1 0.625) (layer F.Fab) (width 0.1))
    (fp_line (start 1 -0.625) (end 1 0.625) (layer F.Fab) (width 0.1))
    (fp_line (start -1 -0.625) (end 1 -0.625) (layer F.Fab) (width 0.1))
    (fp_line (start -1 0.625) (end -1 -0.625) (layer F.Fab) (width 0.1))
    (fp_text user %R (at 0 0) (layer F.Fab)
      (effects (font (size 0.5 0.5) (thickness 0.08)))
    )
    (pad 1 smd roundrect (at -1.0375 0) (size 1.175 1.45) (layers F.Cu F.Paste F.Mask) (roundrect_rratio 0.212766)
      (net 84 VDDIO_3.3V))
    (pad 2 smd roundrect (at 1.0375 0) (size 1.175 1.45) (layers F.Cu F.Paste F.Mask) (roundrect_rratio 0.212766)
      (net 1 GND))
    (model ${KISYS3DMOD}/Capacitor_SMD.3dshapes/C_0805_2012Metric.wrl
      (at (xyz 0 0 0))
      (scale (xyz 1 1 1))
      (rotate (xyz 0 0 0))
    )
  )

  (module Capacitor_SMD:C_0805_2012Metric_Pad1.18x1.45mm_HandSolder (layer F.Cu) (tedit 5F68FEEF) (tstamp 60263455)
    (at 157 131.2825 270)
    (descr "Capacitor SMD 0805 (2012 Metric), square (rectangular) end terminal, IPC_7351 nominal with elongated pad for handsoldering. (Body size source: IPC-SM-782 page 76, https://www.pcb-3d.com/wordpress/wp-content/uploads/ipc-sm-782a_amendment_1_and_2.pdf, https://docs.google.com/spreadsheets/d/1BsfQQcO9C6DZCsRaXUlFlo91Tg2WpOkGARC1WS5S8t0/edit?usp=sharing), generated with kicad-footprint-generator")
    (tags "capacitor handsolder")
    (path /6022F0F9/60249720)
    (attr smd)
    (fp_text reference C12 (at 0 -1.68 90) (layer F.SilkS)
      (effects (font (size 1 1) (thickness 0.15)))
    )
    (fp_text value 100nF (at 0 1.68 90) (layer F.Fab)
      (effects (font (size 1 1) (thickness 0.15)))
    )
    (fp_text user %R (at 0 0 90) (layer F.Fab)
      (effects (font (size 0.5 0.5) (thickness 0.08)))
    )
    (fp_line (start -1 0.625) (end -1 -0.625) (layer F.Fab) (width 0.1))
    (fp_line (start -1 -0.625) (end 1 -0.625) (layer F.Fab) (width 0.1))
    (fp_line (start 1 -0.625) (end 1 0.625) (layer F.Fab) (width 0.1))
    (fp_line (start 1 0.625) (end -1 0.625) (layer F.Fab) (width 0.1))
    (fp_line (start -0.261252 -0.735) (end 0.261252 -0.735) (layer F.SilkS) (width 0.12))
    (fp_line (start -0.261252 0.735) (end 0.261252 0.735) (layer F.SilkS) (width 0.12))
    (fp_line (start -1.88 0.98) (end -1.88 -0.98) (layer F.CrtYd) (width 0.05))
    (fp_line (start -1.88 -0.98) (end 1.88 -0.98) (layer F.CrtYd) (width 0.05))
    (fp_line (start 1.88 -0.98) (end 1.88 0.98) (layer F.CrtYd) (width 0.05))
    (fp_line (start 1.88 0.98) (end -1.88 0.98) (layer F.CrtYd) (width 0.05))
    (pad 2 smd roundrect (at 1.0375 0 270) (size 1.175 1.45) (layers F.Cu F.Paste F.Mask) (roundrect_rratio 0.212766)
      (net 1 GND))
    (pad 1 smd roundrect (at -1.0375 0 270) (size 1.175 1.45) (layers F.Cu F.Paste F.Mask) (roundrect_rratio 0.212766)
      (net 84 VDDIO_3.3V))
    (model ${KISYS3DMOD}/Capacitor_SMD.3dshapes/C_0805_2012Metric.wrl
      (at (xyz 0 0 0))
      (scale (xyz 1 1 1))
      (rotate (xyz 0 0 0))
    )
  )

  (module Capacitor_SMD:C_0805_2012Metric_Pad1.18x1.45mm_HandSolder (layer F.Cu) (tedit 5F68FEEF) (tstamp 60263466)
    (at 138.9625 127.32 180)
    (descr "Capacitor SMD 0805 (2012 Metric), square (rectangular) end terminal, IPC_7351 nominal with elongated pad for handsoldering. (Body size source: IPC-SM-782 page 76, https://www.pcb-3d.com/wordpress/wp-content/uploads/ipc-sm-782a_amendment_1_and_2.pdf, https://docs.google.com/spreadsheets/d/1BsfQQcO9C6DZCsRaXUlFlo91Tg2WpOkGARC1WS5S8t0/edit?usp=sharing), generated with kicad-footprint-generator")
    (tags "capacitor handsolder")
    (path /6022F0F9/6024971A)
    (attr smd)
    (fp_text reference C13 (at 0 -1.68) (layer F.SilkS)
      (effects (font (size 1 1) (thickness 0.15)))
    )
    (fp_text value 100nF (at 0 1.68) (layer F.Fab)
      (effects (font (size 1 1) (thickness 0.15)))
    )
    (fp_line (start 1.88 0.98) (end -1.88 0.98) (layer F.CrtYd) (width 0.05))
    (fp_line (start 1.88 -0.98) (end 1.88 0.98) (layer F.CrtYd) (width 0.05))
    (fp_line (start -1.88 -0.98) (end 1.88 -0.98) (layer F.CrtYd) (width 0.05))
    (fp_line (start -1.88 0.98) (end -1.88 -0.98) (layer F.CrtYd) (width 0.05))
    (fp_line (start -0.261252 0.735) (end 0.261252 0.735) (layer F.SilkS) (width 0.12))
    (fp_line (start -0.261252 -0.735) (end 0.261252 -0.735) (layer F.SilkS) (width 0.12))
    (fp_line (start 1 0.625) (end -1 0.625) (layer F.Fab) (width 0.1))
    (fp_line (start 1 -0.625) (end 1 0.625) (layer F.Fab) (width 0.1))
    (fp_line (start -1 -0.625) (end 1 -0.625) (layer F.Fab) (width 0.1))
    (fp_line (start -1 0.625) (end -1 -0.625) (layer F.Fab) (width 0.1))
    (fp_text user %R (at 0 0) (layer F.Fab)
      (effects (font (size 0.5 0.5) (thickness 0.08)))
    )
    (pad 1 smd roundrect (at -1.0375 0 180) (size 1.175 1.45) (layers F.Cu F.Paste F.Mask) (roundrect_rratio 0.212766)
      (net 84 VDDIO_3.3V))
    (pad 2 smd roundrect (at 1.0375 0 180) (size 1.175 1.45) (layers F.Cu F.Paste F.Mask) (roundrect_rratio 0.212766)
      (net 1 GND))
    (model ${KISYS3DMOD}/Capacitor_SMD.3dshapes/C_0805_2012Metric.wrl
      (at (xyz 0 0 0))
      (scale (xyz 1 1 1))
      (rotate (xyz 0 0 0))
    )
  )

  (module Capacitor_SMD:C_0805_2012Metric_Pad1.18x1.45mm_HandSolder (layer F.Cu) (tedit 5F68FEEF) (tstamp 60263477)
    (at 130.9625 90.32 180)
    (descr "Capacitor SMD 0805 (2012 Metric), square (rectangular) end terminal, IPC_7351 nominal with elongated pad for handsoldering. (Body size source: IPC-SM-782 page 76, https://www.pcb-3d.com/wordpress/wp-content/uploads/ipc-sm-782a_amendment_1_and_2.pdf, https://docs.google.com/spreadsheets/d/1BsfQQcO9C6DZCsRaXUlFlo91Tg2WpOkGARC1WS5S8t0/edit?usp=sharing), generated with kicad-footprint-generator")
    (tags "capacitor handsolder")
    (path /601B1425/601CD863)
    (attr smd)
    (fp_text reference C14 (at 0 -1.68) (layer F.SilkS)
      (effects (font (size 1 1) (thickness 0.15)))
    )
    (fp_text value 100nF (at 0 1.68) (layer F.Fab)
      (effects (font (size 1 1) (thickness 0.15)))
    )
    (fp_line (start 1.88 0.98) (end -1.88 0.98) (layer F.CrtYd) (width 0.05))
    (fp_line (start 1.88 -0.98) (end 1.88 0.98) (layer F.CrtYd) (width 0.05))
    (fp_line (start -1.88 -0.98) (end 1.88 -0.98) (layer F.CrtYd) (width 0.05))
    (fp_line (start -1.88 0.98) (end -1.88 -0.98) (layer F.CrtYd) (width 0.05))
    (fp_line (start -0.261252 0.735) (end 0.261252 0.735) (layer F.SilkS) (width 0.12))
    (fp_line (start -0.261252 -0.735) (end 0.261252 -0.735) (layer F.SilkS) (width 0.12))
    (fp_line (start 1 0.625) (end -1 0.625) (layer F.Fab) (width 0.1))
    (fp_line (start 1 -0.625) (end 1 0.625) (layer F.Fab) (width 0.1))
    (fp_line (start -1 -0.625) (end 1 -0.625) (layer F.Fab) (width 0.1))
    (fp_line (start -1 0.625) (end -1 -0.625) (layer F.Fab) (width 0.1))
    (fp_text user %R (at 0 0) (layer F.Fab)
      (effects (font (size 0.5 0.5) (thickness 0.08)))
    )
    (pad 1 smd roundrect (at -1.0375 0 180) (size 1.175 1.45) (layers F.Cu F.Paste F.Mask) (roundrect_rratio 0.212766)
      (net 75 VDDPIX))
    (pad 2 smd roundrect (at 1.0375 0 180) (size 1.175 1.45) (layers F.Cu F.Paste F.Mask) (roundrect_rratio 0.212766)
      (net 1 GND))
    (model ${KISYS3DMOD}/Capacitor_SMD.3dshapes/C_0805_2012Metric.wrl
      (at (xyz 0 0 0))
      (scale (xyz 1 1 1))
      (rotate (xyz 0 0 0))
    )
  )

  (module Capacitor_SMD:C_0805_2012Metric_Pad1.18x1.45mm_HandSolder (layer F.Cu) (tedit 5F68FEEF) (tstamp 60263488)
    (at 130.9625 96.32 180)
    (descr "Capacitor SMD 0805 (2012 Metric), square (rectangular) end terminal, IPC_7351 nominal with elongated pad for handsoldering. (Body size source: IPC-SM-782 page 76, https://www.pcb-3d.com/wordpress/wp-content/uploads/ipc-sm-782a_amendment_1_and_2.pdf, https://docs.google.com/spreadsheets/d/1BsfQQcO9C6DZCsRaXUlFlo91Tg2WpOkGARC1WS5S8t0/edit?usp=sharing), generated with kicad-footprint-generator")
    (tags "capacitor handsolder")
    (path /601B1425/601BBB39)
    (attr smd)
    (fp_text reference C15 (at 0 -1.68) (layer F.SilkS)
      (effects (font (size 1 1) (thickness 0.15)))
    )
    (fp_text value 100uF (at 0 1.68) (layer F.Fab)
      (effects (font (size 1 1) (thickness 0.15)))
    )
    (fp_text user %R (at 0 0) (layer F.Fab)
      (effects (font (size 0.5 0.5) (thickness 0.08)))
    )
    (fp_line (start -1 0.625) (end -1 -0.625) (layer F.Fab) (width 0.1))
    (fp_line (start -1 -0.625) (end 1 -0.625) (layer F.Fab) (width 0.1))
    (fp_line (start 1 -0.625) (end 1 0.625) (layer F.Fab) (width 0.1))
    (fp_line (start 1 0.625) (end -1 0.625) (layer F.Fab) (width 0.1))
    (fp_line (start -0.261252 -0.735) (end 0.261252 -0.735) (layer F.SilkS) (width 0.12))
    (fp_line (start -0.261252 0.735) (end 0.261252 0.735) (layer F.SilkS) (width 0.12))
    (fp_line (start -1.88 0.98) (end -1.88 -0.98) (layer F.CrtYd) (width 0.05))
    (fp_line (start -1.88 -0.98) (end 1.88 -0.98) (layer F.CrtYd) (width 0.05))
    (fp_line (start 1.88 -0.98) (end 1.88 0.98) (layer F.CrtYd) (width 0.05))
    (fp_line (start 1.88 0.98) (end -1.88 0.98) (layer F.CrtYd) (width 0.05))
    (pad 2 smd roundrect (at 1.0375 0 180) (size 1.175 1.45) (layers F.Cu F.Paste F.Mask) (roundrect_rratio 0.212766)
      (net 1 GND))
    (pad 1 smd roundrect (at -1.0375 0 180) (size 1.175 1.45) (layers F.Cu F.Paste F.Mask) (roundrect_rratio 0.212766)
      (net 5 +1V0))
    (model ${KISYS3DMOD}/Capacitor_SMD.3dshapes/C_0805_2012Metric.wrl
      (at (xyz 0 0 0))
      (scale (xyz 1 1 1))
      (rotate (xyz 0 0 0))
    )
  )

  (module Capacitor_SMD:C_0805_2012Metric_Pad1.18x1.45mm_HandSolder (layer F.Cu) (tedit 5F68FEEF) (tstamp 60263499)
    (at 138 76.3575 270)
    (descr "Capacitor SMD 0805 (2012 Metric), square (rectangular) end terminal, IPC_7351 nominal with elongated pad for handsoldering. (Body size source: IPC-SM-782 page 76, https://www.pcb-3d.com/wordpress/wp-content/uploads/ipc-sm-782a_amendment_1_and_2.pdf, https://docs.google.com/spreadsheets/d/1BsfQQcO9C6DZCsRaXUlFlo91Tg2WpOkGARC1WS5S8t0/edit?usp=sharing), generated with kicad-footprint-generator")
    (tags "capacitor handsolder")
